% This file contains a brief summary of the land-surface average results 
% produced by the Berkeley Averaging method.  Temperatures are in 
% Celsius and reported as anomalies relative to the Jan 1951-Dec 1980
% average. Uncertainties represent the 95% confidence interval for 
% statistical and spatial undersampling effects.
% 
% The current dataset presented here is described as: 
% 
%   Estimated Global Land-Surface TAVG based on the Complete Berkeley Dataset
% 
% 
% This analysis was run on 12-Mar-2019 08:22:40
% 
% Results are based on 45756 time series 
%   with 18875309 data points
% 
% Estimated Jan 1951-Dec 1980 absolute temperature (C): 8.65 +/- 0.06
% 
% 
% 
% Year, Annual Anomaly, Annual Unc., Five-year Anomaly, Five-year Unc.
 
  1750      -0.677        0.932              NaN             NaN
  1752       0.283        1.782              NaN             NaN
  1753      -0.043        1.287              NaN             NaN
  1754       0.417        1.437            0.209           1.284
  1755       0.112        1.670            0.275           1.263
  1756       0.275        1.501           -0.096           1.238
  1757       0.616        1.570           -0.302           1.201
  1758      -1.901        1.508           -0.630           1.154
  1759      -0.610        1.389           -0.651           1.098
  1760      -1.530        1.587           -0.783           1.125
  1761       0.170        1.188           -0.617           1.159
  1762      -0.043        1.103           -0.580           1.167
  1763      -1.070        1.779           -0.313           1.075
  1764      -0.427        1.587           -0.338           1.034
  1765      -0.194        1.077           -0.348           1.106
  1766       0.045        1.575           -0.419           0.941
  1767      -0.093        1.566           -0.474           0.865
  1768      -1.426        1.203           -0.574           0.895
  1769      -0.703        1.385           -0.689           0.945
  1770      -0.695        1.207           -0.690           0.902
  1771      -0.526        1.125           -0.384           0.874
  1772      -0.098        1.158           -0.125           0.950
  1773       0.101        1.009            0.168           0.960
  1774       0.593        1.959            0.250           0.978
  1775       0.770        1.581            0.259           1.103
  1776      -0.115        1.362            0.285           1.310
  1777      -0.056        1.840            0.296           1.324
  1778       0.234        1.973            0.304           1.283
  1779       0.644        1.484            0.262           1.185
  1780       0.811        2.831            0.155           0.906
  1781      -0.323        0.856           -0.033           0.868
  1782      -0.593        0.872           -0.311           1.041
  1783      -0.703        0.869           -0.676           0.742
  1784      -0.748        1.676           -0.655           0.936
  1785      -1.013        1.262           -0.632           1.130
  1786      -0.220        1.463           -0.498           1.231
  1787      -0.474        1.337           -0.352           1.118
  1788      -0.037        1.101           -0.228           1.031
  1789      -0.016        1.161           -0.215           0.968
  1790      -0.395        0.855           -0.143           0.934
  1791      -0.155        1.246           -0.116           0.961
  1792      -0.114        1.164           -0.021           0.986
  1793       0.101        1.196            0.168           1.032
  1794       0.459        1.337            0.216           0.945
  1795       0.547        1.154            0.311           0.913
  1796       0.087        1.034            0.322           0.822
  1797       0.363        0.856            0.168           0.735
  1798       0.156        0.819            0.019           0.657
  1799      -0.312        0.906            0.025           0.585
  1800      -0.197        0.657           -0.049           0.497
  1801       0.117        0.815           -0.091           0.469
  1802      -0.007        0.630            0.006           0.565
  1803      -0.056        0.760            0.042           0.561
  1804       0.175        0.830           -0.020           0.497
  1805      -0.017        0.636           -0.097           0.478
  1806      -0.192        0.671           -0.284           0.510
  1807      -0.396        0.567           -0.605           0.558
  1808      -0.988        1.177           -0.902           0.676
  1809      -1.432        1.013           -1.154           0.734
  1810      -1.501        1.004           -1.370           0.906
  1811      -1.455        0.824           -1.344           0.705
  1812      -1.475        1.149           -1.247           0.700
  1813      -0.860        0.607           -1.217           0.613
  1814      -0.942        1.065           -1.253           0.647
  1815      -1.354        0.744           -1.261           0.694
  1816      -1.633        1.161           -1.232           0.636
  1817      -1.514        0.959           -1.271           0.702
  1818      -0.717        1.221           -1.164           0.696
  1819      -1.139        0.953           -0.955           0.589
  1820      -0.817        0.694           -0.758           0.517
  1821      -0.589        0.553           -0.799           0.567
  1822      -0.527        0.812           -0.591           0.470
  1823      -0.922        0.635           -0.486           0.456
  1824      -0.099        0.556           -0.394           0.447
  1825      -0.295        0.500           -0.242           0.376
  1826      -0.128        0.552           -0.150           0.342
  1827       0.233        0.481           -0.275           0.341
  1828      -0.459        0.460           -0.235           0.383
  1829      -0.727        0.654           -0.409           0.397
  1830      -0.095        0.682           -0.687           0.412
  1831      -0.998        0.751           -0.708           0.426
  1832      -1.155        0.539           -0.655           0.415
  1833      -0.564        0.518           -0.880           0.420
  1834      -0.466        0.483           -0.882           0.390
  1835      -1.219        0.632           -0.915           0.438
  1836      -1.007        0.560           -1.034           0.509
  1837      -1.318        0.791           -1.129           0.577
  1838      -1.163        0.742           -1.061           0.539
  1839      -0.940        0.743           -1.068           0.531
  1840      -0.880        0.499           -0.939           0.467
  1841      -1.038        0.546           -0.812           0.398
  1842      -0.673        0.416           -0.835           0.338
  1843      -0.529        0.411           -0.834           0.338
  1844      -1.053        0.404           -0.659           0.303
  1845      -0.876        0.462           -0.660           0.282
  1846      -0.166        0.405           -0.711           0.289
  1847      -0.678        0.400           -0.657           0.319
  1848      -0.782        0.514           -0.667           0.313
  1849      -0.785        0.535           -0.756           0.336
  1850      -0.925        0.396           -0.766           0.384
  1851      -0.612        0.463           -0.753           0.334
  1852      -0.725        0.467           -0.702           0.271
  1853      -0.720        0.321           -0.632           0.245
  1854      -0.525        0.305           -0.655           0.196
  1855      -0.579        0.286           -0.710           0.178
  1856      -0.728        0.271           -0.689           0.180
  1857      -1.000        0.318           -0.671           0.203
  1858      -0.616        0.323           -0.706           0.217
  1859      -0.435        0.357           -0.730           0.242
  1860      -0.751        0.324           -0.768           0.265
  1861      -0.847        0.372           -0.751           0.291
  1862      -1.190        0.529           -0.807           0.318
  1863      -0.532        0.357           -0.755           0.325
  1864      -0.715        0.378           -0.666           0.290
  1865      -0.491        0.340           -0.478           0.231
  1866      -0.400        0.300           -0.466           0.181
  1867      -0.249        0.244           -0.379           0.146
  1868      -0.474        0.229           -0.382           0.140
  1869      -0.279        0.319           -0.431           0.156
  1870      -0.509        0.281           -0.499           0.157
  1871      -0.645        0.236           -0.486           0.153
  1872      -0.587        0.214           -0.493           0.139
  1873      -0.412        0.205           -0.554           0.131
  1874      -0.310        0.202           -0.543           0.123
  1875      -0.816        0.217           -0.459           0.128
  1876      -0.590        0.147           -0.343           0.125
  1877      -0.166        0.212           -0.383           0.127
  1878       0.167        0.173           -0.338           0.146
  1879      -0.510        0.194           -0.299           0.160
  1880      -0.592        0.281           -0.375           0.156
  1881      -0.394        0.172           -0.538           0.172
  1882      -0.548        0.183           -0.605           0.178
  1883      -0.646        0.203           -0.627           0.190
  1884      -0.843        0.203           -0.689           0.216
  1885      -0.703        0.331           -0.727           0.220
  1886      -0.705        0.286           -0.709           0.229
  1887      -0.740        0.201           -0.607           0.209
  1888      -0.554        0.236           -0.604           0.167
  1889      -0.333        0.150           -0.591           0.137
  1890      -0.687        0.136           -0.560           0.129
  1891      -0.641        0.134           -0.570           0.114
  1892      -0.585        0.174           -0.601           0.116
  1893      -0.604        0.161           -0.561           0.126
  1894      -0.489        0.130           -0.521           0.139
  1895      -0.488        0.169           -0.474           0.140
  1896      -0.441        0.196           -0.444           0.137
  1897      -0.349        0.184           -0.395           0.136
  1898      -0.455        0.153           -0.324           0.138
  1899      -0.246        0.145           -0.257           0.135
  1900      -0.129        0.165           -0.257           0.134
  1901      -0.108        0.175           -0.251           0.127
  1902      -0.348        0.143           -0.315           0.118
  1903      -0.422        0.119           -0.369           0.112
  1904      -0.566        0.105           -0.399           0.102
  1905      -0.403        0.140           -0.467           0.097
  1906      -0.256        0.137           -0.473           0.094
  1907      -0.688        0.125           -0.450           0.096
  1908      -0.454        0.111           -0.453           0.095
  1909      -0.450        0.104           -0.495           0.091
  1910      -0.416        0.120           -0.455           0.088
  1911      -0.467        0.118           -0.431           0.087
  1912      -0.488        0.117           -0.349           0.091
  1913      -0.337        0.108           -0.277           0.084
  1914      -0.039        0.130           -0.267           0.076
  1915      -0.055        0.101           -0.294           0.072
  1916      -0.414        0.101           -0.329           0.072
  1917      -0.624        0.088           -0.374           0.063
  1918      -0.514        0.113           -0.421           0.065
  1919      -0.262        0.087           -0.354           0.061
  1920      -0.290        0.103           -0.281           0.063
  1921      -0.080        0.094           -0.226           0.062
  1922      -0.257        0.099           -0.206           0.066
  1923      -0.241        0.099           -0.176           0.064
  1924      -0.163        0.102           -0.150           0.065
  1925      -0.138        0.098           -0.132           0.064
  1926       0.050        0.094           -0.094           0.064
  1927      -0.167        0.094           -0.150           0.063
  1928      -0.053        0.091           -0.138           0.062
  1929      -0.444        0.094           -0.143           0.063
  1930      -0.075        0.095           -0.109           0.061
  1931       0.026        0.094           -0.170           0.061
  1932       0.004        0.085           -0.097           0.060
  1933      -0.361        0.092           -0.119           0.059
  1934      -0.076        0.094           -0.156           0.061
  1935      -0.190        0.089           -0.158           0.066
  1936      -0.155        0.097           -0.052           0.066
  1937      -0.007        0.106           -0.023           0.071
  1938       0.169        0.093            0.030           0.072
  1939       0.070        0.108            0.077           0.071
  1940       0.071        0.090            0.087           0.065
  1941       0.082        0.090            0.067           0.062
  1942       0.044        0.086            0.086           0.057
  1943       0.070        0.086            0.051           0.058
  1944       0.162        0.090            0.036           0.057
  1945      -0.101        0.090            0.053           0.056
  1946       0.008        0.083            0.052           0.055
  1947       0.125        0.083            0.000           0.053
  1948       0.065        0.079           -0.041           0.049
  1949      -0.097        0.075           -0.053           0.047
  1950      -0.308        0.067           -0.083           0.045
  1951      -0.051        0.065           -0.055           0.046
  1952      -0.027        0.080           -0.057           0.045
  1953       0.208        0.085           -0.003           0.046
  1954      -0.107        0.065           -0.069           0.044
  1955      -0.039        0.065           -0.050           0.049
  1956      -0.379        0.047           -0.068           0.045
  1957       0.069        0.121           -0.032           0.043
  1958       0.114        0.049           -0.040           0.036
  1959       0.076        0.034            0.064           0.035
  1960      -0.080        0.032            0.067           0.036
  1961       0.143        0.038            0.085           0.030
  1962       0.084        0.080            0.019           0.037
  1963       0.200        0.033            0.010           0.034
  1964      -0.250        0.036           -0.031           0.028
  1965      -0.128        0.023           -0.041           0.015
  1966      -0.060        0.018           -0.112           0.015
  1967       0.035        0.024           -0.075           0.013
  1968      -0.155        0.031           -0.040           0.014
  1969      -0.068        0.026           -0.038           0.013
  1970       0.048        0.032           -0.076           0.019
  1971      -0.051        0.028            0.016           0.017
  1972      -0.151        0.042           -0.007           0.018
  1973       0.302        0.023            0.001           0.018
  1974      -0.185        0.040           -0.049           0.017
  1975       0.089        0.033            0.024           0.021
  1976      -0.298        0.046           -0.027           0.021
  1977       0.211        0.022            0.025           0.019
  1978       0.045        0.035            0.073           0.023
  1979       0.076        0.036            0.234           0.016
  1980       0.329        0.032            0.192           0.016
  1981       0.507        0.034            0.260           0.015
  1982      -0.000        0.022            0.254           0.013
  1983       0.389        0.031            0.192           0.011
  1984       0.045        0.010            0.129           0.014
  1985       0.019        0.034            0.200           0.011
  1986       0.195        0.035            0.235           0.014
  1987       0.353        0.029            0.284           0.016
  1988       0.563        0.028            0.399           0.017
  1989       0.288        0.014            0.471           0.014
  1990       0.597        0.021            0.438           0.014
  1991       0.552        0.027            0.373           0.013
  1992       0.193        0.034            0.395           0.015
  1993       0.233        0.025            0.416           0.022
  1994       0.398        0.036            0.384           0.020
  1995       0.704        0.028            0.457           0.016
  1996       0.393        0.021            0.589           0.018
  1997       0.558        0.017            0.638           0.015
  1998       0.892        0.023            0.610           0.017
  1999       0.643        0.029            0.688           0.020
  2000       0.566        0.029            0.762           0.025
  2001       0.780        0.029            0.761           0.027
  2002       0.930        0.026            0.769           0.025
  2003       0.885        0.033            0.868           0.026
  2004       0.682        0.027            0.892           0.027
  2005       1.063        0.035            0.927           0.029
  2006       0.898        0.041            0.913           0.032
  2007       1.108        0.043            0.954           0.031
  2008       0.811        0.039            0.955           0.030
  2009       0.892        0.018            0.955           0.028
  2010       1.068        0.029            0.909           0.028
  2011       0.895        0.030            0.944           0.023
  2012       0.877        0.051            0.953           0.027
  2013       0.989        0.030            0.979           0.030
  2014       0.937        0.035            1.078           0.035
  2015       1.196        0.036            1.158           0.035
  2016       1.395        0.052            1.186           0.039
  2017       1.275        0.041              NaN             NaN
  2018       1.129        0.049              NaN             NaN
